<?xml version="1.0"?>
<opencv_storage>
<calibration_time>"Wed 12 May 2021 18:58:54 BST"</calibration_time>
<nr_of_frames>25</nr_of_frames>
<image_width>1440</image_width>
<image_height>1080</image_height>
<board_width>8</board_width>
<board_height>6</board_height>
<square_size>25.</square_size>
<fix_aspect_ratio>1.</fix_aspect_ratio>
<!-- flags: +fix_aspectRatio +fix_principal_point +zero_tangent_dist +fix_k4 +fix_k5 -->
<flags>6158</flags>
<fisheye_model>0</fisheye_model>
<camera_matrix type_id="opencv-matrix">
  <rows>3</rows>
  <cols>3</cols>
  <dt>d</dt>
  <data>
    1.1037496880887663e+03 0. 7.1950000000000000e+02 0.
    1.1037496880887663e+03 5.3950000000000000e+02 0. 0. 1.</data></camera_matrix>
<distortion_coefficients type_id="opencv-matrix">
  <rows>5</rows>
  <cols>1</cols>
  <dt>d</dt>
  <data>
    -4.7705270947598727e-01 9.3860571476614765e-02 0. 0.
    2.5319978601379944e-01</data></distortion_coefficients>
<avg_reprojection_error>3.2524776325003746e-01</avg_reprojection_error>
<per_view_reprojection_errors type_id="opencv-matrix">
  <rows>25</rows>
  <cols>1</cols>
  <dt>f</dt>
  <data>
    4.28530067e-01 4.48450893e-01 4.55325961e-01 4.33808416e-01
    5.14199197e-01 4.21589375e-01 2.16272935e-01 2.51905531e-01
    2.24294677e-01 2.52016455e-01 2.38500997e-01 2.51539022e-01
    2.76348740e-01 1.49324015e-01 3.04682881e-01 3.04613411e-01
    2.53440231e-01 2.63875663e-01 3.41040552e-01 4.27556276e-01
    4.32827771e-01 2.88863361e-01 2.40898311e-01 1.35451734e-01
    1.16736837e-01</data></per_view_reprojection_errors>
<!-- a set of 6-tuples (rotation vector + translation vector) for each view -->
<extrinsic_parameters type_id="opencv-matrix">
  <rows>25</rows>
  <cols>6</cols>
  <dt>d</dt>
  <data>
    -4.0073452139892614e-02 -6.2115425732392864e-02
    1.5902496467252830e-01 -2.4288764509411898e+01
    -4.1777696943083811e+01 5.5920632351657980e+02
    1.9512036697598212e-02 -8.0926442706603666e-02
    1.5327842795633703e-01 -1.9886557781336695e+01
    -3.7059754006020846e+01 5.4709618808717050e+02
    7.0655546773026975e-02 -3.0835638431779944e-02
    1.1037235829517351e-01 1.3684352448009284e+02
    -1.3952175768235103e+01 5.5342139810803440e+02
    -2.6336445874382840e-02 -4.1808941162881919e-02
    8.1159379674511450e-02 2.7521847912601903e+01
    -3.0375341948885708e+01 5.5237610398147478e+02
    2.0087205778888378e-02 -3.8887205498480161e-02
    2.4162881001465195e-01 -7.1123826847950141e+01
    -4.7005034408095305e+01 6.6975404169498643e+02
    9.3539232982677467e-02 1.1570734871696087e-01 3.9850762860028544e-01
    -6.1361544033765618e+01 -8.8915509939327293e+01
    7.4833597006407035e+02 -1.2984047426010309e-01
    2.3193917256433519e-01 5.1489232706187094e-01
    -9.3356325779846159e+01 -1.1919831602822931e+02
    8.6542430870134217e+02 -5.9068602980339502e-02
    2.2185668847138867e-01 1.0849933470600275e+00
    -1.4372376201421187e+02 -2.9521650632264920e+00
    7.7355757667262753e+02 2.3438582627114055e-03 9.6181926537104070e-02
    1.1766361787908322e+00 -1.3586745696887499e+02
    1.5008876305333382e+01 8.3312808199400422e+02 9.9988293232459863e-02
    -1.7530002921516732e-01 1.5616647881375894e+00
    -1.0634477031162652e+02 1.6616408091032675e+01
    8.3533856019763516e+02 -5.9292944203149844e-02
    1.6333587444694178e-01 -1.5751031842090737e+00
    -2.2402894109773300e+02 2.3595508769880914e+02
    6.8115653046186492e+02 -1.5311382091814331e-02
    1.1424916168090003e-01 2.4427323405021670e-01 6.6110713439176209e+01
    -3.9627180294120137e+01 7.4415316885525453e+02
    -4.3230406594617415e-03 4.8969793926711885e-02
    2.3659477239290114e-01 -1.9185591237364065e+01
    -2.2577231693262327e+01 8.8300758383199548e+02
    -5.0224476132221474e-02 1.8075074368687008e-01
    -2.4989406607888620e-02 -2.1609087104630581e+02
    3.1497027332156978e+01 1.0438018327492646e+03 2.3440562090695845e-02
    1.5340192675594913e-01 5.0239187619131272e-02
    -2.7225104200658353e+02 1.2217550872361822e+00
    7.3746517229772780e+02 2.0997368495421120e-02 2.0224961731112426e-01
    8.1841053702927075e-02 -2.6873580834561852e+02
    -7.7122657426258572e+00 6.8612330680008540e+02
    -5.2441159105131661e-02 1.4626452825697517e-01
    1.2096721238191094e-01 -2.4358276361256409e+02
    -1.7484524036961975e+01 8.3454426538910081e+02
    1.7461146361825941e-02 1.3493176049890560e-01 1.3759640254801866e-01
    -1.3732694976601599e+02 -1.0117223825120925e+01
    8.8490208295195612e+02 7.5555218294467333e-02 9.8429079294398897e-02
    2.5689782436702618e-01 -2.6366203483601609e+01
    -8.9273003129524753e+00 7.0655397939116040e+02
    1.0142865550936633e-01 1.2560559373538654e-01 2.8019583821946503e-01
    -2.6811510645421382e+01 -3.7906557278289213e+01
    6.0912460716929581e+02 4.1490463551238997e-02 5.7334433219221166e-02
    3.2290714593770675e-01 -1.9919102062865385e+01
    -4.9424239013815942e+01 5.9536194923493395e+02
    3.3595076529056585e-02 6.9222445417960344e-03 5.5807299226612628e-01
    9.9349811259246383e+00 -5.6192156749126511e+01
    6.9458347893998462e+02 4.5614502314357104e-02 9.5213660591028385e-02
    5.1578265850781990e-01 2.4221439114868861e+01
    -4.8791506604052373e+01 7.7293309478719686e+02
    6.3072556909749569e-02 4.6986106666384487e-04 7.0312322405199312e-01
    8.1432598069582426e+01 -4.3960578163354292e+01
    9.3780447622412771e+02 2.3387617311290347e-02 1.2243979000401919e-01
    3.6513027952893373e-01 6.2400964699005826e+01 1.6062469779831381e+00
    1.1612935134276349e+03</data></extrinsic_parameters>
